1, 5
2, 12
3, 13
4, 18
5, 20
6, 22
7, 26
8, 27
9, 33
10, 38
11, 40
12, 47
13, 53
14, 57
15, 60
16, 64
17, 67
18, 71
19, 75
20, 81
21, 85
22, 92
23, 97
24, 99
25, 103
26, 105
27, 108
28, 112
29, 116
30, 122
31, 127
32, 129
33, 134
34, 136
35, 138
36, 142
37, 148
38, 151
39, 152
40, 155
41, 158
42, 161
43, 163
44, 168
45, 176
46, 178
47, 181
48, 182
49, 184
50, 187
51, 195
52, 199
53, 204
54, 210
55, 213
56, 219
57, 224
58, 227
59, 231
60, 234
61, 238
62, 244
63, 246
64, 249
65, 251
66, 253
67, 258
68, 262
69, 265
70, 270
71, 274
72, 277
73, 280
74, 282
75, 289
76, 293
77, 296
78, 301
79, 306
80, 310
81, 311
82, 315
83, 315
84, 320
85, 324
86, 327
87, 332
88, 335
89, 339
90, 345
91, 347
92, 350
93, 354
94, 356
95, 364
96, 367
97, 374
98, 378
99, 383
100, 388
101, 391
102, 393
103, 397
104, 399
105, 403
106, 407
107, 412
108, 416
109, 422
110, 428
111, 432
112, 433
113, 435
114, 438
115, 441
116, 444
117, 451
118, 456
119, 461
120, 463
121, 466
122, 472
123, 478
124, 478
125, 483
126, 486
127, 495
128, 496
129, 498
130, 506
131, 508
132, 511
133, 517
134, 521
135, 522
136, 524
137, 528
138, 536
139, 539
140, 544
141, 546
142, 549
143, 554
144, 559
145, 562
146, 567
147, 570
148, 575
149, 577
150, 583
151, 588
152, 592
153, 596
154, 601
155, 609
156, 611
157, 616
158, 622
159, 627
160, 633
161, 635
162, 639
163, 643
164, 646
165, 652
166, 656
167, 658
168, 660
169, 662
170, 667
171, 670
172, 672
173, 680
174, 686
175, 689
176, 697
177, 701
178, 703
179, 711
180, 715
181, 719
182, 726
183, 732
184, 733
185, 742
186, 750
187, 751
188, 758
189, 761
190, 764
191, 767
192, 771
193, 775
194, 780
195, 786
196, 789
197, 792
198, 799
199, 805
200, 814
201, 811
202, 807
203, 807
204, 808
205, 812
206, 810
207, 810
208, 813
209, 810
210, 809
211, 810
212, 807
213, 807
214, 809
215, 810
216, 808
217, 809
218, 810
219, 810
220, 806
221, 805
222, 803
223, 803
224, 803
225, 807
226, 807
227, 808
228, 808
229, 807
230, 807
231, 805
232, 809
233, 811
234, 816
235, 820
236, 821
237, 818
238, 819
239, 819
240, 820
241, 820
242, 821
243, 820
244, 816
245, 809
246, 813
247, 816
248, 817
249, 820
250, 819
251, 815
252, 813
253, 816
254, 815
255, 816
256, 813
257, 816
258, 818
259, 817
260, 819
261, 821
262, 817
263, 821
264, 823
265, 825
266, 829
267, 830
268, 830
269, 830
270, 830
271, 832
272, 833
273, 835
274, 838
275, 833
276, 838
277, 841
278, 843
279, 841
280, 841
281, 843
282, 841
283, 844
284, 842
285, 843
286, 842
287, 842
288, 842
289, 840
290, 836
291, 837
292, 839
293, 838
294, 838
295, 832
296, 833
297, 827
298, 832
299, 835
300, 832
301, 835
302, 839
303, 842
304, 844
305, 846
306, 843
307, 844
308, 844
309, 841
310, 838
311, 837
312, 840
313, 843
314, 842
315, 846
316, 847
317, 844
318, 844
319, 843
320, 849
321, 848
322, 849
323, 845
324, 851
325, 850
326, 849
327, 847
328, 849
329, 849
330, 846
331, 845
332, 842
333, 839
334, 840
335, 846
336, 849
337, 849
338, 847
339, 847
340, 849
341, 848
342, 851
343, 852
344, 854
345, 852
346, 849
347, 846
348, 850
349, 848
350, 846
351, 845
352, 848
353, 848
354, 846
355, 839
356, 839
357, 839
358, 834
359, 830
360, 829
361, 832
362, 830
363, 830
364, 830
365, 826
366, 828
367, 830
368, 835
369, 836
370, 834
371, 834
372, 840
373, 838
374, 836
375, 836
376, 834
377, 833
378, 832
379, 830
380, 827
381, 829
382, 825
383, 823
384, 826
385, 820
386, 818
387, 821
388, 819
389, 822
390, 824
391, 825
392, 826
393, 830
394, 828
395, 828
396, 829
397, 829
398, 824
399, 821
400, 823
401, 824
402, 827
403, 830
404, 824
405, 821
406, 823
407, 821
408, 818
409, 816
410, 816
411, 815
412, 819
413, 820
414, 818
415, 820
416, 821
417, 823
418, 824
419, 824
420, 826
421, 826
422, 823
423, 823
424, 828
425, 823
426, 826
427, 830
428, 830
429, 834
430, 830
431, 829
432, 825
433, 824
434, 820
435, 819
436, 820
437, 818
438, 816
439, 819
440, 818
441, 821
442, 822
443, 824
444, 825
445, 828
446, 824
447, 822
448, 828
449, 826
450, 827
451, 828
452, 833
453, 829
454, 828
455, 827
456, 828
457, 822
458, 822
459, 824
460, 823
461, 824
462, 830
463, 829
464, 830
465, 831
466, 828
467, 826
468, 825
469, 829
470, 832
471, 830
472, 831
473, 829
474, 826
475, 826
476, 823
477, 817
478, 813
479, 815
480, 814
481, 815
482, 816
483, 817
484, 817
485, 818
486, 823
487, 825
488, 825
489, 827
490, 828
491, 826
492, 826
493, 827
494, 829
495, 831
496, 834
497, 834
498, 827
499, 823
500, 826
501, 823
502, 817
503, 810
504, 809
505, 805
506, 809
507, 807
508, 806
509, 807
510, 808
511, 810
512, 808
513, 808
514, 811
515, 808
516, 809
517, 809
518, 808
519, 809
520, 802
521, 803
522, 800
523, 801
524, 803
525, 805
526, 806
527, 802
528, 802
529, 806
530, 806
531, 808
532, 811
533, 812
534, 811
535, 807
536, 808
537, 812
538, 810
539, 812
540, 810
541, 811
542, 808
543, 808
544, 807
545, 808
546, 812
547, 813
548, 807
549, 810
550, 812
551, 815
552, 813
553, 812
554, 812
555, 814
556, 814
557, 810
558, 811
559, 814
560, 812
561, 812
562, 812
563, 816
564, 820
565, 826
566, 823
567, 822
568, 818
569, 818
570, 818
571, 820
572, 819
573, 818
574, 820
575, 821
576, 817
577, 818
578, 822
579, 818
580, 824
581, 823
582, 823
583, 823
584, 821
585, 820
586, 818
587, 821
588, 819
589, 819
590, 816
591, 816
592, 814
593, 810
594, 811
595, 808
596, 809
597, 813
598, 817
599, 818
600, 813
601, 816
602, 817
603, 817
604, 823
605, 827
606, 830
607, 833
608, 837
609, 840
610, 837
611, 837
612, 832
613, 829
614, 830
615, 828
616, 830
617, 827
618, 826
619, 824
620, 824
621, 824
622, 824
623, 825
624, 824
625, 825
626, 825
627, 820
628, 825
629, 822
630, 822
631, 823
632, 823
633, 821
634, 819
635, 821
636, 823
637, 826
638, 827
639, 827
640, 828
641, 827
642, 825
643, 827
644, 830
645, 832
646, 836
647, 833
648, 826
649, 828
650, 832
651, 829
652, 824
653, 823
654, 820
655, 821
656, 820
657, 819
658, 817
659, 816
660, 818
661, 815
662, 810
663, 808
664, 811
665, 811
666, 815
667, 816
668, 816
669, 811
670, 807
671, 808
672, 807
673, 806
674, 808
675, 810
676, 807
677, 808
678, 809
679, 807
680, 808
681, 807
682, 807
683, 806
684, 806
685, 803
686, 799
687, 796
688, 797
689, 800
690, 803
691, 806
692, 805
693, 805
694, 804
695, 805
696, 799
697, 801
698, 803
699, 802
700, 797
701, 800
702, 806
703, 811
704, 813
705, 815
706, 820
707, 821
708, 827
709, 826
710, 826
711, 827
712, 827
713, 826
714, 825
715, 823
716, 821
717, 822
718, 823
719, 823
720, 826
721, 831
722, 830
723, 831
724, 826
725, 825
726, 826
727, 827
728, 826
729, 824
730, 829
731, 830
732, 828
733, 829
734, 829
735, 828
736, 826
737, 823
738, 823
739, 824
740, 827
741, 830
742, 832
743, 832
744, 829
745, 831
746, 833
747, 838
748, 840
749, 842
750, 840
751, 836
752, 835
753, 837
754, 838
755, 843
756, 846
757, 853
758, 858
759, 855
760, 858
761, 858
762, 859
763, 854
764, 849
765, 841
766, 842
767, 843
768, 846
769, 846
770, 847
771, 849
772, 847
773, 851
774, 849
775, 848
776, 853
777, 855
778, 854
779, 857
780, 855
781, 855
782, 854
783, 853
784, 856
785, 859
786, 858
787, 854
788, 855
789, 856
790, 862
791, 865
792, 864
793, 866
794, 864
795, 868
796, 863
797, 862
798, 860
799, 861
800, 856
801, 856
802, 853
803, 857
804, 855
805, 850
806, 846
807, 846
808, 844
809, 841
810, 843
811, 851
812, 850
813, 848
814, 849
815, 846
816, 846
817, 850
818, 849
819, 851
820, 853
821, 853
822, 854
823, 853
824, 855
825, 857
826, 855
827, 856
828, 852
829, 851
830, 855
831, 856
832, 858
833, 859
834, 866
835, 860
836, 855
837, 857
838, 858
839, 856
840, 860
841, 856
842, 856
843, 854
844, 855
845, 853
846, 849
847, 854
848, 856
849, 853
850, 850
851, 852
852, 859
853, 860
854, 865
855, 867
856, 865
857, 868
858, 874
859, 873
860, 872
861, 873
862, 872
863, 874
864, 873
865, 871
866, 868
867, 866
868, 867
869, 870
870, 870
871, 868
872, 867
873, 869
874, 867
875, 867
876, 868
877, 871
878, 871
879, 873
880, 873
881, 870
882, 871
883, 871
884, 872
885, 873
886, 875
887, 873
888, 873
889, 866
890, 863
891, 862
892, 861
893, 863
894, 864
895, 866
896, 867
897, 867
898, 865
899, 864
900, 865
901, 863
902, 860
903, 860
904, 859
905, 860
906, 853
907, 852
908, 843
909, 845
910, 843
911, 838
912, 838
913, 841
914, 842
915, 843
916, 842
917, 844
918, 847
919, 844
920, 840
921, 836
922, 836
923, 835
924, 837
925, 837
926, 838
927, 839
928, 839
929, 840
930, 834
931, 834
932, 837
933, 835
934, 836
935, 839
936, 842
937, 842
938, 846
939, 845
940, 843
941, 842
942, 842
943, 840
944, 840
945, 840
946, 836
947, 835
948, 836
949, 832
950, 832
951, 831
952, 833
953, 832
954, 829
955, 826
956, 823
957, 820
958, 819
959, 822
960, 822
961, 824
962, 826
963, 827
964, 830
965, 832
966, 831
967, 831
968, 835
969, 841
970, 838
971, 838
972, 836
973, 829
974, 827
975, 828
976, 824
977, 822
978, 820
979, 821
980, 821
981, 821
982, 822
983, 822
984, 821
985, 823
986, 824
987, 823
988, 824
989, 821
990, 815
991, 812
992, 815
993, 816
994, 817
995, 814
996, 817
997, 814
998, 815
999, 812
1000, 813
